#' 
#' UK NRM data 2013
#'
#' This is the United Kingdom National Referral Mechanism data as used by Bales, Hesketh and Silverman (2014)
#'
#'@export
UKdat <- 
structure(list(LA = c(1L, 0L, 0L, 0L, 0L, 0L, 1L, 1L, 1L, 0L, 
0L, 0L, 0L, 0L, 0L, 0L, 0L, 0L, 0L, 1L, 1L, 0L, 0L, 0L, 1L), 
    NG = c(0L, 1L, 0L, 0L, 0L, 0L, 1L, 0L, 0L, 1L, 1L, 1L, 1L, 
    0L, 0L, 0L, 0L, 0L, 0L, 1L, 1L, 1L, 1L, 0L, 1L), PF = c(0L, 
    0L, 1L, 0L, 0L, 0L, 0L, 1L, 0L, 1L, 0L, 0L, 0L, 1L, 1L, 1L, 
    0L, 0L, 0L, 1L, 0L, 1L, 1L, 1L, 1L), GO = c(0L, 0L, 0L, 1L, 
    0L, 0L, 0L, 0L, 1L, 0L, 1L, 0L, 0L, 1L, 0L, 0L, 1L, 1L, 0L, 
    0L, 1L, 1L, 0L, 1L, 1L), GP = c(0L, 0L, 0L, 0L, 1L, 0L, 0L, 
    0L, 0L, 0L, 0L, 1L, 0L, 0L, 1L, 0L, 1L, 0L, 1L, 0L, 0L, 0L, 
    0L, 0L, 0L), NCA = c(0L, 0L, 0L, 0L, 0L, 1L, 0L, 0L, 0L, 
    0L, 0L, 0L, 1L, 0L, 0L, 1L, 0L, 1L, 1L, 0L, 0L, 0L, 1L, 1L, 
    0L), count = c(54L, 463L, 907L, 695L, 316L, 57L, 15L, 19L, 
    3L, 56L, 19L, 1L, 3L, 69L, 10L, 31L, 8L, 6L, 1L, 1L, 1L, 
    4L, 3L, 1L, 1L)), .Names = c("LA", "NG", "PF", "GO", "GP", 
"NCA", "count"), class = "data.frame", row.names = c(NA, -25L
))
